040866
036409
039925
029084
021243
032349
039064
032686
004410
018574
032187
001999
022962
037825
028878
029599
027348
001571
031467
028001
033495
033169
037316
037347
005624
027494
030570
035694
025445
017131
022742
005141
037581
030405
038973
000236
032290
022844
032105
030297
017444
030168
026671
040077
037052
039852
028858
032962
004109
002484
033007
027996
024041
032942
033178
039737
026850
E685063
C521024
039631
037087
004979
036139
029018
005181
K071090
039711
033828
034674
038824
040875
003480
040353
002091
030666
004523
034204
000146
031407
002828
015838
034676
039066
035144
040919
033012
034176
038830
003200
019338
039963
033092
004108
033752
G135422
033649
005644
032675
D212034
028784
018792
032755
030712
031416
030844
028872
039958
005726
019310
031622
039846
031322
028424
035461
032100
034686
028367
001973
031338
030167
035442
031316
J625047
029189
G135936
017314
030368
030391
005262
002084
030673
034162
026764
033459
028468
037339
034273
026786
004191
039934
034829
023715
021521
030551
039556
034565
L518053
031685
023140
039109
002279
040330
023068
032140
036712
038803
016292
015923
G135832
015453
004945
022612
035076
040078
039924
002879
J625084
018767
037479
029493
036287
037060
034446
031473
030598
032574
036147
040966
036707
040030
029312
031973
031572
031222
J089025
020618
029914
027822
034581
036005
015703
K312008
034194
E720158
033350
040021
032388
004623
G135825
036214
026359
040969
004629
004100
024468
030801
027797
D851002
027772
032606
034459
003123
029166
024222
037070
037292
H667003
028352
034395
020852
032402
K071092
028837
038903
040050
026109
002529
037341
035256
031912
029784
028501
039829
035692
002421
029579
G135458
035845
039555
009400
030981
019309
026438
035681
031861
034790
003485
003874
031069
024432
J568001
031633
036232
028750
023050
028482
030593
004360
C029021
022283
003074
039028
035398
026912
028710
032115
030807
034677
030662
038893
030426
031869
031317
031904
031588
033799
019579
027302
033621
001204
023697
030161
021337
023754
003881
029604
031577
030343
J625106
029589
015937
032220
032758
004848
023136
029016
033103
022521
027312
E960052
027978
009509
036110
023089
040061
005154
002552
036517
003271
022266
032093
004371
002969
019980
020585
031334
030788
029568
030104
035437
039800
002965
002935
029631
022919
036375
032084
031436
040800
031450
004881
026772
036258
J870015
036154
020899
032910
040855
027572
015366
029262
004508
019673
030511
036208
032092
031595
017742
032551
004461
029049
039785
G135616
004665
027875
036226
039821
027568
032328
030602
036152
031654
028223
033431
034429
029852
040652
024231
028493
031899
029512
F569063
032693
028717
L518007
032935
031506
029447
027910
035363
029102
037099
018848
035747
037574
025483
026734
026916
030184
003630
039845
003897
031134
031352
029603
037215
039695
039114
040057
039839
039730
002780
039933
026747
039840
D231002
035324
029596
003177
002750
039999
023402
031837
036349
015281
027711
039994
032323
019909
039951
020968
039585
002389
L518022
033634
023091
035242
028626
000833
024689
032114
037372
032345
037393
033157
029652
038762
026453
032721
G135069
019595
029491
039649
034381
038938
034218
030085
003564
033364
031634
022589
015443
023127
016865
039986
026113
039782
036511
032310
019252
038897
036201
003205
029542
036481
003165
G135979
023183
030936
033524
029569
033766
034169
037728
026028
029115
036928
037287
040044
040488
031753
C119012
018404
E320132
037008
026464
035709
020283
020143
034613
024548
005514
036180
035341
034801
028874
030079
035273
038991
037738
034632
037390
039624
031111
034762
029254
030471
003907
034923
031849
022960
033270
033414
002700
024413
035410
039771
032296
002425
030420
F569062
031918
029567
023490
039042
035695
033837
031822
023261
020206
033314
031764
000378
004982
004201
040438
004646
029450
C029033
036276
039724
036118
004775
031399
028881
031713
018285
035313
027823
H730250
029310
039087
035682
G135807
031984
K071152
033471
033315
L765004
039926
035701
035405
029597
030724
039944
E320047
031325
033776
030389
029251
028719
037471
G160005
H198001
035244
039855
K071076
018799
023231
029045
036179
027542
L940008
018096
031729
035174
037561
009441
033280
005580
020130
020919
003339
022591
028484
017401
002682
E720210
037365
004042
039083
033939
002114
031601
035752
025742
040113
002060
032109
G135821
037160
023894
032520
031460
023232
037528
038901
E003008
022230
029099
G135714
029677
033370
040152
028232
029343
039976
026452
035450
036157
024614
023304
039154
005510
028833
029985
025490
028298
022833
024470
037163
019957
036132
E720034
032488
003499
021087
030092
039854
020719
040052
035298
027801
040804
033791
023295
026730
040033
030983
030277
034208
030901
005736
033167
017993
K071050
033462
K312055
028911
002439
028720
027903
004357
004092
024472
034967
034809
003880
036779
033024
037689
033352
039651
028859
030475
038742
002703
037822
030904
H730124
J718258
033800
037191
034344
032573
037346
038772
017290
023079
040032
040476
021046
039714
039701
039139
019847
033946
032704
003601
018210
027807
039989
021416
033806
024563
E320067
034698
029113
035186
037369
029684
037725
032722
028754
031333
037477
034679
003825
031346
032365
005192
036760
036530
031745
026015
024207
005599
E003026
019209
030597
C029059
034020
032041
019010
034808
029116
K071135
034430
024544
037462
031719
003289
032588
029409
032532
034684
032630
029482
024458
027867
034826
020343
038944
032664
035827
017278
037468
G135476
030600
034662
031457
031647
016929
002252
009485
005721
036543
018414
002673
036448
001667
036780
029539
039818
032389
023161
028361
034755
034180
039984
029608
031895
K071150
026739
035152
040894
033419
033484
031994
026044
004941
039793
029085
024218
J417005
029487
033749
033011
015867
033645
017264
030102
023293
030599
040071
031527
030082
035179
027505
034080
028590
038947
040119
039768
039059
029067
034602
028521
K198013
003804
004091
037194
034181
032607
000864
038804
039746
024360
037166
031458
001360
027969
L518002
033415
034711
030982
033413
029600
036238
027827
017155
032524
022777
040571
020000
037672
023201
032897
002374
038827
031727
031396
039776
039949
032134
029145
036298
034776
032937
033855
028435
029785
019697
015843
016400
026457
031724
019290
033306
039603
030407
037155
027300
019919
024759
001758
J130047
G135828
035285
039816
030757
021151
039037
034078
035416
003720
034695
018891
032729
037412
040882
032732
037719
C160042
032555
003190
018603
020291
037083
033469
003314
039144
027858
036211
035354
003052
003943
032361
038766
040296
030380
032717
038962
027329
002937
023195
032950
002525
037840
031889
032208
019247
003164
033444
002681
033112
031975
035310
032735
003845
003898
002474
033869
G135152
028763
005386
005497
029431
037548
029269
003560
020750
035432
027640
030075
027303
036935
031504
039824
026029
033637
002649
024778
032113
038826
003921
015854
001398
033840
030089
039781
034187
C191027
032330
G135824
034779
030782
027628
024210
029411
024797
004578
038783
029052
039747
031518
037057
029639
037062
031509
031814
029943
D212015
E320054
024790
036161
030890
038951
G135116
031492
023764
027782
005457
C029057
G135820
039112
003075
031540
002080
002124
024397
039532
029668
001898
034708
032644
033302
037085
009507
037015
034433
029635
031903
037537
031419
002517
K071072
037472
029642
040534
035722
037482
027815
035309
031481
036402
025390
040857
039801
040059
037667
020900
036406
031960
026789
D742008
L518031
022091
040861
029141
030799
021328
026345
020463
035137
035453
019533
039961
032148
036432
027886
029545
024232
029602
037584
036350
039805
022593
040117
017457
038778
030421
033877
033288
033767
031662
037547
036552
038733
037143
G135925
024228
031787
029528
034567
033037
032306
030507
038941
000273
025510
019350
032480
019841
035388
G135560
036407
024764
034184
028753
E003012
032351
030595
040784
036929
038982
030754
037814
027890
023853
040066
029417
035700
E720443
019299
002131
027041
039541
032988
020215
031829
021112
032312
003292
030685
040535
041183
039804
037400
027043
003324
036176
030387
026086
027310
024547
030899
037168
035171
030740
036359
027346
032302
035153
009488
031405
027909
039618
039945
028002
004309
002788
019990
034861
000992
035227
034777
002622
029483
036299
030553
036792
003758
033020
038741
036254
028153
024579
037132
022954
002459
026676
022047
003726
022282
L775091
015717
039767
026456
030377
032992
032471
024657
033074
031404
029561
019740
030751
039751
033856
040369
032983
040339
037173
029309
037395
015851
041185
032347
039073
C026001
027906
030151
037113
L775093
031832
001738
039571
029469
039941
003441
036388
029246
030414
031796
019507
026759
001872
036523
029168
037586
038833
029681
032472
002980
002617
037842
031740
027641
031118
D446010
034555
034021
021392
029946
032748
027109
K071131
035143
034957
037210
039606
029138
030088
003192
036113
002278
028280
030572
024685
033308
031785
W750273
028749
029039
039834
022599
036027
003727
029241
003639
C191024
039547
032295
031678
029144
037703
034642
025745
J089020
029646
029093
038816
030394
029738
027374
031562
032195
019307
034237
028917
034606
023468
031312
032374
039072
002289
034458
037824
004302
035213
031304
021401
019718
031892
034697
040070
039696
027634
040382
Y300051
L518083
016286
030601
030970
036428
026755
035698
036565
020190
024467
033411
033287
029071
036357
040633
040398
035253
036140
031786
030648
J089026
031495
026458
033154
004465
G135823
034685
018735
002513
001524
040068
030611
027776
040458
G135124
019334
040862
039060
029007
028487
030764
026906
002163
034784
002427
027034
033349
029986
029165
037414
024036
033181
037418
035073
031484
035400
037839
037475
040051
027997
L775056
029565
029585
030307
029302
027539
032522
022609
001661
026729
034351
033348
028909
035359
000031
029146
034585
027701
033639
016810
031023
002595
030187
032881
018232
021079
027554
035390
009556
036247
032699
036487
033002
029544
021443
019713
002500
032554
018026
017879
039814
026083
035740
032564
019798
004618
003753
027878
039974
024535
C119015
039056
030125
039124
034398
J064001
037154
033107
028868
027337
040067
030969
028476
027516
029566
040431
033095
029135
035705
036709
002984
037344
037323
027999
I571001
040495
032543
036459
035133
030623
032304
035299
033807
022602
022606
028507
J120115
019792
022251
036927
034276
035832
022603
019312
036271
039991
040873
002636
004054
032599
034380
033787
027869
031582
034699
031754
018021
029301
036542
004727
033155
022988
004365
033499
032905
003394
036770
028512
027976
J466005
031894
035155
023756
037461
027557
023710
028843
039103
027333
031692
024485
037413
037677
004190
036520
037100
016925
030457
002686
017510
L518065
038964
035713
032734
027866
024549
039962
024492
018366
031661
005291
021504
035121
037526
001178
033285
036284
026110
033796
038882
K250010
032747
030515
038759
031556
033003
033789
032647
021075
033500
E720401
016375
039766
G135339
004655
020864
024728
G135017
024767
003857
031437
035394
024303
037409
030308
040821
039812
027984
030887
E685016
031902
G135942
032610
034681
030150
001975
040389
024147
036193
033016
037535
040841
001646
017387
039628
033794
029626
028864
024553
036307
034423
024559
033854
038879
028109
004069
030413
033001
027345
J625049
033866
028407
004051
002471
028855
005485
019017
039942
E685005
026470
033864
020500
029660
030700
036360
000114
023178
005130
022595
035187
039721
033129
032485
026741
315122
020648
028721
040806
035304
030078
035457
D615003
026735
036143
022839
036150
025722
036426
035365
023300
022607
004814
027036
035732
017450
033777
023122
040076
017611
016546
027725
033861
036108
035140
029400
033797
024560
032314
027434
027714
L227001
039097
039584
K071052
026466
027980
037135
028732
023270
035883
032108
029040
019746
032058
029783
028486
009539
029283
033943
038850
002542
034911
026911
016248
038986
036199
E720243
034571
027675
026080
029324
036195
031530
037386
026364
034015
033692
030555
032753
029268
036209
001691
022048
031888
035445
034177
028706
004177
004531
030415
016744
004036
040167
022863
019851
022608
034710
K584009
024414
028910
029290
004656
028712
031566
029286
036546
029518
002258
031485
039948
029917
K071062
037337
028723
034409
023184
015503
039826
030665
J089008
035902
029313
E320117
023451
031398
037084
031318
031534
019998
034343
040417
031565
032611
029329
033522
E320007
037543
024575
E320122
030576
030349
035745
000086
030525
036437
001994
029406
022267
036185
030797
016757
G135114
C029049
039952
004119
037202
034594
026742
004001
032210
024416
024109
039774
030386
002749
024393
037648
032301
032724
035269
004541
036170
034390
J130031
034417
001531
037128
023187
032566
035063
024417
036456
031767
030911
026034
001968
002263
036541
031976
031630
003566
004760
029598
004452
026664
036353
035272
003482
034427
J466006
001764
036212
029240
026358
034189
035435
024557
031488
002882
033284
034402
033843
037460
031793
J089022
004225
036172
001288
022456
022062
039598
028509
031908
030534
002887
028884
038841
040040
040058
029775
031874
017182
039773
038907
J466004
037589
004442
034431
033780
001690
034798
032307
028478
030779
K071069
034298
029307
037564
035232
036111
015724
034700
037074
039063
027301
040867
039847
032948
023691
002106
004318
037367
022285
032387
033369
037492
016351
032322
039817
019680
035250
027361
036344
003883
015733
034207
033481
040042
031281
016231
030796
021309
030726
026839
031116
004485
037587
035378
029247
037681
030185
030374
F485004
037474
027304
035099
032643
G135126
K071139
001510
L518014
004715
035267
031651
033104
034073
033109
E143010
003984
033098
003863
023851
004659
030924
038896
037493
033299
019311
017975
000067
023838
K071077
003378
028863
029029
037557
016508
031434
029096
029657
038878
029156
023156
E003013
026459
030791
001846
040564
C119010
039099
032651
032053
035307
036274
E685011
029098
029317
031811
015292
030461
024569
028861
009514
037003
016640
034648
026473
004134
033933
017128
030677
029649
030566
039927
004386
028192
031718
039104
019292
038900
037585
028621
037054
021144
039713
G135779
038936
027420
029167
004133
027513
E720450
024248
018367
038857
036269
029888
023875
030128
018575
G135023
K750031
034644
038906
035391
039988
037106
031549
032879
C044009
028900
034191
000951
003889
027817
K092001
031783
033165
003622
031991
005789
034439
033106
D212065
034949
036328
003692
033473
028894
034943
037835
036354
017721
032329
028722
034643
E320064
023125
031300
035266
022950
037130
030792
038943
001813
003544
024538
037159
033480
029511
027808
032352
023074
004317
025396
021532
020404
036767
039920
037740
027788
K250018
E320066
024032
037069
027668
038752
020461
030678
039142
033691
034434
036138
034950
035710
023076
003728
003239
032540
028285
029008
016516
040798
039078
023160
002152
030485
036145
J718182
024984
031703
026115
039982
030274
034414
029651
032483
032705
029091
003279
024596
037048
001886
030177
038931
031332
030488
040026
029591
005555
030765
027629
001636
029058
022346
029106
031797
G135091
036369
004721
004077
034150
030951
035146
022864
036265
031406
024471
031891
039613
025988
G135759
028516
037319
033099
031871
036411
029454
G445001
037540
039765
035402
034965
023290
029076
G135604
016940
036436
033850
004303
037411
038912
039640
025385
004381
023404
029248
018190
026832
033164
E320131
039769
031446
030846
033185
037545
002453
035426
032209
030271
029047
027315
030780
040706
031906
016521
039546
001880
004264
024725
040883
021481
027987
028479
032701
037570
037392
026715
F569069
035226
022619
E720232
029271
035474
030549
003180
003969
027810
E685027
039931
037209
030643
037359
040147
035717
030256
J718244
029977
038730
031694
027773
037692
027814
032569
G135420
G135145
036455
009515
030892
032685
027979
035882
005349
001498
016550
002434
040803
029551
015195
029547
021199
040529
019527
031879
034179
027707
037354
004526
030487
040837
036403
004642
039980
032907
020433
029533
015877
022686
032190
029669
038736
021394
037579
038933
003777
022088
018568
035720
000141
020425
031335
024828
030296
029446
033847
009409
023132
040960
039046
034930
032700
039784
029553
031400
018301
030379
003791
030494
035715
004066
024230
040047
001715
036116
002469
039736
023766
029590
017398
020537
004375
029541
040485
030734
016185
019992
003386
029196
030661
034366
034920
036318
030746
037174
035069
024720
032401
H730125
029477
019755
003734
030752
004196
030781
015618
026849
024280
031444
034631
003829
029284
034816
029032
030913
027035
030741
035751
035321
027907
001648
036229
030848
019330
035683
022596
038840
037101
027950
005058
004170
030937
031321
036385
030140
035417
029857
040655
003307
032947
039753
036467
040402
036137
033093
029328
031782
040802
031883
017315
034182
029055
039041
004289
039806
K071082
034858
020054
027030
034426
036181
039602
031995
027316
002029
031757
033170
040413
016294
029492
031299
021068
036001
016447
031978
032587
029105
033876
034918
021466
038909
039792
036434
023297
031344
030417
037013
039544
004486
033844
015468
040045
032090
036431
031068
018101
024246
039550
031550
002808
034680
016096
033520
033944
039719
028502
034406
028919
004209
026472
037410
G979014
031087
030160
029068
034198
D181003
004173
032089
035724
034386
034200
022737
018280
039067
026477
019934
029648
028846
E685064
031472
031614
028277
002893
C029050
032967
029576
035691
040399
030486
029885
027789
031915
029404
027802
031449
003990
031503
024566
015362
036396
029402
026448
029676
033446
036244
031898
K071134
040014
035456
034682
022688
G135826
040848
031345
032116
034407
022165
003768
035130
029010
027804
025721
001123
039960
023176
K273002
030722
023291
030900
036793
034391
017092
030609
005083
018709
033482
018365
017118
D016008
020339
017019
004773
034438
031919
030847
027321
002057
017226
040079
035074
037469
036695
002499
030905
034817
024980
003570
035443
031714
002442
032567
016498
039000
034591
029352
034155
031555
030144
016435
036413
030935
021245
035898
031421
034563
030163
040065
033857
036144
037419
037403
029065
005283
033750
033179
032318
031021
001938
033075
028251
037532
023271
039967
029403
035389
G979018
023745
040298
L518050
003805
026658
036296
024570
034384
030613
036213
019978
024653
030933
003155
035750
027821
032529
037200
033009
040859
027876
029592
027783
020132
028777
019611
031329
035230
002619
036174
C748034
030755
026628
024302
027760
001734
002494
036202
031443
015775
K071192
034362
032158
034760
029162
031971
024651
036340
032537
035141
039123
E720421
020317
033035
029628
034226
030253
017524
031704
031774
035279
031964
024662
030174
040846
036011
036283
026842
023717
040403
031880
036493
019410
002149
036418
030370
017183
K092002
036405
034574
033171
030836
030610
036421
031617
024968
039537
038750
027340
029529
022446
032394
031693
033088
D742010
035182
026761
028832
034822
037571
027793
032616
032189
027724
029849
G135916
035743
026454
031340
021196
029110
038881
036419
035358
034675
032135
035145
G135819
E003025
027313
E320058
018682
035065
039995
C318001
032320
016764
039749
031954
033518
039049
023454
026276
040159
033457
G135130
024449
004115
017977
032479
039533
034595
015288
039758
039981
031907
029685
035239
022010
032032
017256
035154
034201
000867
034757
036245
017703
034666
K071155
032951
026043
024466
031461
034668
035825
C160009
040080
031989
036399
J089017
015905
033795
034640
040957
031780
035891
024420
031860
001264
034756
029625
002582
034577
032604
034688
035280
030907
030424
037108
K250013
026420
003156
036189
016176
031392
033851
029253
033785
017577
022842
024070
020481
032563
031884
037467
035183
033848
039745
005598
C521025
029717
027702
035897
032171
038737
024285
035721
032671
036521
039954
022951
E720222
030400
028886
032518
030617
025485
040028
040009
029101
003179
031512
003790
040849
036444
031569
036533
032996
003144
C750085
036414
032523
003904
036534
037685
023718
034361
031491
028524
037076
016796
034393
037722
028865
016048
028380
039033
035447
036547
033628
G135890
020578
019676
037190
036539
029345
034447
033000
028112
028889
030785
027948
030114
037368
039058
031448
033846
030926
022166
003717
030884
034353
017329
029587
040314
037363
G135064
030369
037577
029580
030154
005360
024227
009455
016415
034418
019191
004304
023211
002113
001591
033354
027314
027192
038844
031320
031315
034441
035727
023826
030753
040954
024224
040308
035836
020032
033313
023138
040385
G135059
032723
024537
026388
037290
036268
035364
037061
029496
039148
037051
029671
029327
J130035
004006
036028
017489
029679
034956
032600
K312053
G135863
021493
036142
029853
034782
040048
035440
024747
026749
031657
017471
033841
026033
033932
029319
039153
030186
004078
030139
023230
039813
003527
034810
039973
G135784
040874
030520
G135158
003985
039735
040446
032608
G445007
016957
033376
003700
028261
032938
029263
003120
032943
030087
016602
031486
031631
031454
027983
C570007
033111
026121
027308
001940
C750078
002473
039548
026351
028477
034828
J089011
033023
003799
035012
029581
032934
029111
019638
004680
030559
037523
017983
029250
036146
021229
030575
030072
009467
036416
034392
040072
035831
001435
003302
032107
030669
021032
028850
036160
038961
022840
034607
034373
029666
019340
032054
K025002
005323
026637
038963
002867
024415
L518004
037102
026354
033860
032645
036764
030730
029305
034399
G135746
029108
003543
029623
G135245
L940014
K071002
027335
004026
031113
031602
037562
024149
023461
016941
021473
034026
032475
021145
026462
035725
039095
030675
016507
031435
003613
022262
035240
040005
041179
038940
040118
037141
036545
002837
030770
034819
028514
030733
031972
029334
039755
005716
G135282
030381
029078
026091
028503
031821
002170
026064
040054
036030
040810
039788
G135430
034442
040858
038858
024412
022798
003442
015750
K273008
033936
030659
002448
003233
031886
029452
030142
040970
029137
030074
015340
035235
001669
002220
033779
003994
031548
002236
031922
032311
026112
032059
032045
028866
031339
036190
034589
037568
040430
002433
019206
F569037
025740
030563
029147
022598
029655
015773
031131
039637
034350
037098
G135346
024434
035372
037066
039729
037821
002886
029316
G135138
035839
016804
020944
035741
020245
031347
028718
030705
033871
041092
037553
030073
J417006
040060
040007
026126
037683
002883
034562
005033
029036
039733
039594
002907
003599
035612
002999
030879
021275
040120
034671
027881
036335
002396
024148
035070
027995
028904
034625
033013
028912
037827
037148
030118
022095
029543
040342
040871
022180
029270
034575
038751
038910
015345
033032
C521019
024055
003652
L518087
002804
039798
015856
033491
030556
026722
037530
039929
032313
J089006
034213
034432
030126
030763
035900
018722
022455
035189
039069
029326
003297
015971
002366
029157
031968
030676
002302
030686
G135063
024675
031788
019549
030660
035255
J089024
016313
030745
002669
004513
032673
035228
036200
D148041
032087
027874
034211
037370
039656
030866
028730
038806
037539
040532
020195
037484
023765
004181
038965
002832
031873
029276
037116
031006
015902
004779
025391
038792
029062
039545
030512
016044
030422
E685017
028860
031711
029552
022002
K071041
002821
027327
031996
036291
039616
035438
035274
031940
038886
030591
029719
033827
031955
030393
033311
028496
016995
032941
039107
032986
038781
027873
024541
029570
029255
002697
033272
034568
031893
030149
039997
033781
024550
029308
039743
035611
034349
024558
037569
029645
031508
040445
034590
024789
029663
036483
032332
002689
G135478
037329
032068
032991
033410
034646
031701
002076
019929
029536
035419
027798
033295
039977
036021
029044
031961
031497
017108
028838
033034
035329
031442
040868
039052
034221
035344
039825
024287
037485
G135127
037389
022610
029517
003168
036031
034597
030093
028871
033845
036203
020950
028903
004472
005610
040002
032893
033623
029412
027586
031455
K312036
018095
030430
036198
032305
039577
031824
032342
027775
033422
030491
017452
033849
030769
027538
D016002
031513
031866
020721
028283
039597
G979008
029112
016276
033852
020952
036719
015757
029722
031868
035306
017293
005469
035017
033626
034013
037086
035693
027318
001746
030922
039534
028844
009575
037050
031402
031558
037058
036235
033497
037836
029632
040481
032078
025494
023695
032576
027305
030115
036151
034672
032309
037055
031585
031720
034831
G050001
029120
039841
034626
035429
026449
032069
037049
K071056
002870
039851
030188
037336
003219
026474
033927
037288
037823
032293
040062
033316
030103
004359
040864
032706
035895
005182
002609
039778
003379
019531
033416
036290
032662
004368
029534
027771
034183
029064
034960
027889
027971
039044
036002
023775
032317
032904
035150
J130048
032762
033935
036272
033430
002834
026843
040462
021495
004590
031542
039051
026738
023772
L775041
039080
018462
034457
023093
036332
003612
003157
C191031
029348
032490
031992
030949
G135055
019653
031751
034451
037407
032541
022845
034152
033465
030451
028920
030090
040055
037207
003296
024283
037473
016462
036178
040069
028907
039799
032740
033172
005470
E685061
028705
030435
021027
030482
036454
015681
026581
023450
029715
001279
031867
005401
032184
G135066
021367
033778
031478
030401
034246
G135786
039744
028400
040959
J188004
004801
030502
029516
033423
029021
032535
031586
004402
035830
004863
036275
032665
039542
C246001
019278
037680
003452
034163
003778
004039
037405
021226
004046
K071142
034383
032894
J137001
029515
035068
032674
032598
017376
019918
029728
022498
032291
L765003
033309
034778
036148
037723
E003014
027381
G135082
003602
038747
037096
032709
038800
031981
026342
035161
021325
034193
032999
020117
018094
029261
028351
036936
032117
D305002
020815
003832
016302
030880
002982
024545
036184
037542
023141
029015
030896
035880
001128
034629
C150009
039754
035180
030162
030453
015564
037127
026752
028897
029081
035436
020357
016245
028399
024284
029629
037480
031993
034424
028882
029831
004565
E960028
033494
021177
038819
032533
039953
000071
032359
036262
021530
037178
028841
023773
025739
030728
031337
029968
035268
030867
028751
029416
034358
039835
027970
000953
031394
026065
030663
028520
032083
032180
023248
003865
029638
034403
022605
026365
002329
037401
039575
023269
031896
003701
029358
003915
027784
027039
031965
003532
016062
039956
033176
005671
034927
035323
033775
004430
030129
032147
031531
G979007
039075
029637
033274
023488
029472
035261
G135255
032033
026363
035286
028890
002253
029662
037325
002580
028221
027949
030543
033351
040870
003851
G135774
032399
023716
036281
024245
040006
032530
033434
C748044
035177
036373
029682
029673
030439
025502
032959
033156
016230
032715
032648
032077
026132
019619
033412
039795
033772
023390
040941
034338
002440
033289
036187
038761
D212072
002086
032062
033439
036757
019443
038975
039830
038891
009442
031987
028594
029912
036544
040528
023898
003684
030306
030148
022941
005228
024659
034635
G135087
036233
J130046
C521020
002403
027894
003237
030999
031864
032216
033476
004168
033994
039151
027341
040781
036497
029470
036777
030831
002779
G445006
027781
023373
036458
038946
019737
022913
020362
F275008
026844
004591
036309
028899
032363
039635
039947
018127
039761
033463
024784
029094
035744
015670
031463
029291
015954
032528
020555
024308
022633
032142
032469
G135889
G135012
034186
036317
039820
016471
039789
026732
039723
036710
028716
033301
035465
028724
004660
032519
030097
023886
023051
027871
026331
004394
033094
018354
034238
E003011
001863
037674
020134
004576
023742
039809
036210
028000
033790
034588
039772
016224
028005
033624
022073
037107
G135344
033498
031732
028908
028913
E003016
034919
029386
032165
009435
032997
003686
032512
037387
015530
028715
G135280
033038
E685024
032088
040783
040651
032170
036026
028916
038976
017116
022329
032670
028004
028008
024546
027806
039034
003293
031408
031499
040116
035441
034342
029033
003988
033006
030105
022811
033924
032514
029601
032736
023375
004161
004589
022614
016801
036348
032051
031980
G135882
033839
032932
036516
030574
034363
C521022
026049
023061
J120116
020784
033297
030124
G135099
030786
023186
029266
033420
J625044
G135092
029850
039757
028500
036130
036718
040702
031451
029475
034151
005389
032738
030987
002693
J089007
033027
038889
036501
036782
035395
037110
027042
034436
038883
003286
035467
031070
035381
032215
030552
032324
030895
020470
023965
034196
G135561
022003
029833
030567
032751
C324001
030384
035148
004249
027896
002365
023134
037192
027630
040441
030768
039819
E685020
032151
035888
039969
040801
004462
016818
L775096
009489
036389
019899
023302
029050
K071162
023072
019520
037837
029702
003861
039791
041184
029034
023249
015842
031618
003583
035703
005069
019428
040162
027795
037671
040064
036433
023861
029886
027786
E685004
020308
033829
036781
036387
031459
029017
002747
036765
031650
026022
032625
020088
034178
021282
029687
035360
023075
032386
030898
037172
036155
018675
004549
031263
030348
040860
030098
033582
029314
029463
021254
016743
024556
004653
J718288
037177
021060
J089005
033271
E685002
034452
029303
031766
036003
040811
036237
034691
000597
031418
035697
034274
G205001
029934
002358
003821
030793
D212016
039810
036789
019622
028515
040029
029423
037563
036538
032348
017677
039936
032987
032168
031440
034357
039978
027323
028481
E652001
000274
003841
018559
024751
035075
004554
032702
026662
024542
005007
029870
039786
040401
034359
020568
031269
029777
030499
004843
G135785
029346
021159
035283
026773
026246
C301031
026032
021200
026082
024540
028785
028709
029320
035434
035342
002487
022670
030897
002384
003856
026426
022938
017554
030701
033808
029053
035397
029563
030510
037572
019995
021488
022835
E685022
036159
G135815
037161
004298
038791
029627
G135472
009538
035833
034199
021131
019348
032538
034354
027599
035126
034596
029680
036358
G135265
030731
016318
032979
031760
039734
031324
026740
040475
037047
029161
031982
023053
026743
036784
035629
039036
036383
022882
031897
032982
028499
030464
035690
024463
037362
C191021
026778
040961
016914
032976
035686
023198
003757
032565
030351
026915
028526
033865
023464
037678
019629
037156
032981
032909
027880
015324
034443
G135008
003453
031755
040380
030107
021162
037556
002851
K312040
038932
029133
031655
031686
033629
J433005
031319
029720
030165
030725
030941
029965
029559
033872
036482
040962
030467
034860
005569
033496
003212
031716
023124
036165
C029044
032984
036242
001331
E003003
033620
023836
034661
025398
030540
040807
019011
037056
029538
J625053
L518056
031560
028845
031717
029107
015968
028748
J137003
030810
039032
039068
024352
C748036
038829
035414
038999
027514
035449
L775068
002043
038744
031958
024573
018748
037356
040115
021299
035308
Y309085
030652
002616
036773
038515
002751
026468
033283
024278
027912
031425
016623
040799
039955
D257001
036220
037397
034411
002613
040877
023702
030255
035315
001419
035425
024745
027669
030664
004696
028728
029864
020929
037578
019215
C119007
004241
029114
028463
031963
031480
024768
001896
033492
002872
016335
023771
027908
029275
034696
018841
005332
K312018
039617
029066
032119
K071104
033433
030166
035716
020757
026277
004749
031660
005646
018930
015749
039586
035730
026381
023077
040714
032640
035404
037213
040530
028184
034799
002035
028708
033300
029160
028110
033096
036321
032036
030985
023761
028896
032542
033296
002147
039990
028870
029975
034212
004290
027086
034619
035409
G135281
031723
035733
023133
037014
034214
036264
020292
037171
026073
005623
001394
017483
024555
028879
030375
036248
024533
022428
004132
023126
G135350
029143
034786
031487
023306
021292
037078
041164
015347
004062
032097
030472
030080
029306
037193
002836
032167
026836
030396
023963
028519
026030
K071128
036397
030674
034694
029976
031850
032353
C135018
017895
034633
036114
035245
F705004
024649
035317
032521
022278
030410
022019
026085
035708
027882
015653
040839
030445
036308
030718
039790
J089014
029132
033513
027877
030939
036356
025487
002140
034377
034188
039130
E320014
040493
031726
032315
031733
016486
031494
026818
031840
019589
031916
030787
021540
003162
039138
035896
031438
036435
040656
024225
003548
037396
036392
003163
024104
W750270
029140
034364
005142
E320121
037420
037700
034624
036158
031901
029014
023882
030998
032478
040796
039697
031029
030761
003186
039035
032590
035353
018676
034586
032491
040963
029889
028498
026084
023267
036438
020363
036772
033021
024328
034627
032191
023301
040971
029634
018678
035311
039807
026352
029027
029659
035718
018721
029548
031547
031604
023080
025492
039720
039043
015779
035252
040958
029264
003733
033163
031878
037708
038952
032380
031493
018656
033025
D947010
030608
035362
004300
036124
C501001
G135455
033292
033792
033304
034209
039965
024362
039853
D212074
039587
032739
032166
015521
028113
033046
036479
036451
003138
022452
034600
029256
019722
031313
040624
037299
G135049
032728
039775
039822
028490
020014
029022
030680
036218
029586
036304
032954
029863
040011
019294
040073
028225
039857
030565
030742
005173
020778
000848
018677
016189
003421
029915
036440
002444
029041
015909
037332
004841
029258
023129
034576
003536
020147
032040
029252
027975
E960038
003877
035275
023698
035159
039858
J466002
K710018
034203
035236
028471
G135309
034388
036263
037483
037112
002367
034637
034634
035237
002661
004647
031702
033418
034560
K071016
033863
035095
033770
029028
023296
025719
032487
029865
035296
028892
036452
030747
016800
033100
L518084
004791
037402
021366
027085
020313
036408
036302
032995
029670
034761
031390
036257
003742
034670
035881
036234
035729
031525
031501
029265
039797
039928
032482
029057
034785
030099
017332
036378
C029043
032164
018558
038990
034764
027489
039932
031885
029537
039595
028491
004740
018916
G135421
032696
037416
037010
035149
020924
L775089
016927
031502
028416
035412
004704
G135416
020491
034387
034830
036449
036560
024111
036505
030547
037688
028885
E720033
023152
003648
032206
032601
J625045
034599
039084
038880
032650
030881
030668
030615
030169
028523
005775
035385
039605
035072
040043
040161
032727
028353
032327
021176
D148033
003541
040455
032398
040164
029150
K071091
039089
031680
037682
038775
021382
026111
024715
032666
040063
037704
036370
034775
036721
039964
029357
034584
003831
019834
005482
039759
026360
039065
029083
016664
036478
035340
016803
030409
029748
031507
016039
021380
039091
037199
004399
039831
034924
038757
001988
026655
031715
036280
030141
K071070
033515
034156
032029
027897
019539
030886
034076
004162
037838
039975
036460
030539
029031
029273
036386
031735
025746
034823
021113
C750080
037187
040031
033627
G135814
037560
036205
036391
024825
000084
027774
004361
037737
031308
J718137
030548
020209
021538
028231
034215
037009
026708
030341
003782
035444
037053
E003017
003743
040039
034603
022926
034914
003673
021533
024532
039098
005118
037841
G205006
028891
017468
037358
038771
036352
035828
029019
034394
J580060
030116
Y052016
030145
035392
031331
026465
030612
004636
032326
036472
037037
030762
023177
030081
029737
031522
030561
004530
038948
040797
004301
031951
001423
031750
028834
029468
026754
037590
031834
E720082
037297
030603
C029066
040344
005008
004699
035433
021241
018019
031314
022514
029311
037529
004634
015777
032334
J795010
035739
029633
039096
E960020
020018
004033
003108
025506
029038
026362
030849
034583
030857
003483
032534
025783
036131
000017
015309
032319
J718171
031430
034216
034413
030687
020698
037186
017113
029971
026046
037721
015359
040354
024656
023902
035249
033286
035473
031616
039108
032321
039971
034079
002260
020219
035711
021383
033072
G205007
029583
017340
027872
031962
036515
037583
023049
K071148
032335
032703
040876
031564
035630
039650
035632
037551
035265
029134
022604
K273001
031483
040889
020131
028472
033407
031914
040863
033648
031606
039983
032344
032350
037524
030446
033441
034450
033622
040168
036759
032289
024291
032939
035736
040332
036197
041076
036519
032759
038754
029097
032667
023217
029978
031808
032602
005282
037730
038992
027816
036177
033483
030903
024322
036775
004640
002450
003291
020679
031957
037500
D446005
021287
021142
020863
031776
038758
022447
H730105
J718266
019917
033502
040843
039828
032099
031722
030544
027982
031264
028522
020192
039946
C521021
016458
030713
037366
030367
039760
020511
032676
034673
035406
037582
035098
038828
031970
030299
040499
022189
034454
040041
032476
030272
039993
037167
039593
034220
035742
023706
000480
033862
028427
E720355
022957
027883
033443
003114
032892
032719
029694
024766
027051
036228
034420
028469
036024
002360
026056
036149
E720121
040036
033631
026116
032749
033619
032972
033008
020287
019809
037550
039739
032649
034019
034948
023289
003669
034630
030086
020142
039113
030607
032990
031311
039937
033409
037494
030954
030342
028474
032037
030108
038851
034664
022594
037170
036010
019693
023903
036259
039843
033793
030513
039780
033282
032061
031552
037486
029622
039116
C412001
031862
028096
017007
028483
039105
003176
030509
029061
039922
024752
031818
037541
004149
034197
017490
033873
033788
028167
039101
036720
035731
033646
031699
039140
032895
023151
038890
003798
031682
033769
033026
023705
036175
G135283
036196
J718254
002083
C029048
029074
035748
040434
039094
029152
033798
024298
016950
J625108
029244
034077
039111
G135728
033097
039578
029024
031924
031700
036164
023755
039725
031403
040809
032185
034456
016480
002274
020517
038949
031341
040075
032395
034219
004720
037169
040632
027087
029498
029364
024103
030397
029103
033651
004438
005013
031114
033310
031428
002905
032393
026753
023757
004467
039728
031424
030737
036120
031799
023385
033768
031397
029020
036347
034028
030784
037734
039856
016249
034689
037404
025486
032489
028761
027986
004473
035319
039808
030834
031336
034340
038887
G135322
033519
034566
016043
F122001
030925
L940004
017156
039957
040845
030153
034444
027366
032553
039827
035014
039082
030156
023749
040341
031576
031464
K312059
019817
021470
034234
026353
038854
033277
021122
039106
005029
034248
026469
035314
030398
C477001
032287
030358
029378
036173
031510
019804
J417009
029060
040869
024552
021247
040881
F569039
025404
L775055
031326
G135040
023892
035336
030811
040017
034765
032615
033290
G135262
E320111
032362
003929
020154
001372
032143
029641
028752
040421
021487
028066
036758
036204
024223
035614
028381
032112
031789
026846
026114
E720165
036135
032690
E320110
033366
024402
036423
003218
039717
001704
029155
G135013
038745
023128
028222
031500
J130029
001683
028488
035287
002299
016275
033859
039777
020020
002798
031881
021341
027803
039921
028840
034401
034448
E003018
004084
023774
035284
027973
028921
034556
039093
040074
030546
032473
036293
009587
039842
004882
003203
036013
040600
K198026
033437
D148040
003968
032678
036938
031265
034428
035345
016951
016781
027792
C750086
004804
026451
034397
029992
004439
018733
040700
027523
005290
038911
038780
030371
032494
039938
039996
034641
036249
027462
003428
E320033
023086
036252
D191002
033940
032096
030743
036771
040878
037831
001089
036004
035706
016333
039985
040015
029564
035316
030571
036000
002665
039652
004789
C975071
018147
031909
026706
029624
024781
028867
G135401
019301
025482
033429
L775090
039815
031725
031795
033440
003148
027812
030558
032082
032103
037463
F315002
034072
023703
035439
031597
002395
004451
034824
025489
024305
027509
032366
034564
031838
036548
024543
036273
035289
E720399
031084
024567
022592
032188
029458
039118
005549
021357
037205
004238
040608
037534
030945
036191
038801
035008
028727
002363
J625050
036171
024039
036221
038784
035726
031969
017194
029621
032733
032977
031652
033305
018160
039763
029577
039742
004521
033105
034479
023137
024469
032940
039002
027412
016531
003434
032031
028915
029905
000896
022943
034217
027362
003759
040840
031429
E960022
025491
026837
030594
033929
026746
031917
021178
038853
030889
033417
036225
J226001
004758
015958
029867
032631
020877
020173
017107
034172
026235
039716
040464
027040
019886
005714
040865
037328
029087
032316
022444
035233
004681
032612
037348
035712
035468
029242
022391
027902
030789
037744
034767
027037
035013
029274
039972
034804
020465
028873
032737
029514
024787
002051
033650
017415
032055
G135887
004986
029354
029913
036540
016317
034440
024973
023153
040381
021553
031426
038763
015277
038987
009406
030798
039633
031022
037355
034023
031858
035361
002187
027667
031327
034913
036532
028835
030304
035281
G135308
002769
015317
026031
030522
040795
036294
022668
G979016
020826
031607
003026
034000
016279
036183
035446
039100
027951
036492
036791
G160011
J625105
029729
002458
015919
036461
030268
034410
035173
023229
023298
031441
038930
040842
035411
004254
038898
037573
031490
028877
001937
030699
019832
020696
031956
J118001
033783
016327
032526
037470
029952
039836
002323
034618
021409
Y300039
038905
040461
032605
030808
028434
034437
035901
033275
034400
029650
020199
030378
029851
024755
G135279
K273009
C191009
E685023
030109
039837
030382
033379
034449
037153
029584
035396
003751
039086
039599
029379
022632
038985
E720354
029304
028513
004753
037826
035746
002518
040334
016969
033010
028562
036270
019895
039738
004457
039979
040497
030182
040967
029664
021326
K071043
D212121
038983
035448
030273
003447
031983
E720413
029048
035899
003294
040856
037690
036303
030618
027307
037673
034793
036188
039740
029653
030258
026744
036762
004259
028773
024629
D212080
020834
002463
030157
029154
002875
022859
033782
035288
031445
031498
031779
003668
025500
032211
033511
037371
023223
003487
004257
024536
030535
004496
033312
036351
024410
039748
005032
035735
037879
003280
028281
031905
E720517
035393
002838
038908
035719
026048
032936
029153
036447
030463
003631
J089009
031865
033926
040447
004356
026718
034610
032035
009540
031695
005090
033421
001745
036330
030135
004685
040884
002863
039074
G135822
032049
G135058
029158
039712
026750
009571
038960
038807
024294
017099
024051
027587
026096
026757
J718185
032577
034559
G135179
034210
031815
031505
035277
039923
036376
005309
030147
027537
031328
034561
031731
038899
015572
G135964
024150
L518012
002100
039048
039930
028783
004431
033503
040618
024459
027826
035738
020818
002188
002695
017435
037575
032156
029904
035318
025849
033004
037044
038805
005776
037710
039802
037559
027369
033279
030573
020212
037554
030795
027723
017255
036297
021096
040388
003590
034592
019266
019260
040356
030942
022348
034573
036427
016632
023362
003372
035278
037481
037743
029100
035696
036937
035728
035408
002528
028905
028888
023193
E003007
003207
032720
040053
027690
031462
003670
001041
036301
031587
033022
018272
031008
035184
001651
023671
021307
032325
036300
029331
032716
027988
033087
026455
039596
030270
028555
022263
004730
003620
024663
015451
031792
027805
039803
028452
004725
031977
035430
030468
002167
030931
034813
030091
028725
004041
026120
003922
040472
024464
020512
030436
027665
J625104
030932
032906
034660
026913
030940
E003010
029118
015743
005099
028901
023168
034827
033945
035401
029595
034587
032298
029375
002420
038862
004759
022939
036367
032102
033836
026830
039992
J089021
026003
K071099
028003
031624
016811
040536
029025
036029
032531
027898
015573
036121
036215
E685026
004377
030404
021543
019753
001795
039783
040340
028466
033842
029593
016998
030711
029011
029661
030927
G135834
018166
039959
025392
003773
031027
037544
038894
036306
038895
028778
019861
027868
035418
023972
036442
031728
025387
038774
C029047
026119
038935
036136
031539
Y309203
039081
030359
003781
039122
038934
035254
031563
002763
032668
028893
029636
039614
015897
021342
040835
032064
003370
026471
029524
024444
J089023
J130050
005481
030345
019752
029063
035320
009492
016755
034582
039966
039092
002497
035413
029739
K312013
032985
029893
031882
031277
026745
004548
039632
003408
E720389
037151
032754
028290
015194
003178
035016
001856
035424
026927
002936
037464
029070
024357
031959
031342
030562
G135136
016215
038821
039079
037133
026067
003779
003371
030456
G135710
040038
036942
035403
022350
017560
024043
000404
024769
J625012
028249
029318
005180
029009
025488
028731
036930
028278
029287
030554
034170
037357
002401
016207
039076
031648
004879
034148
024102
034175
034623
037663
037742
002679
002995
033159
C160021
024079
034404
004807
029683
033177
004615
032680
023279
030938
027819
035147
040440
030385
021184
005053
034701
031876
033581
034365
029082
005568
029344
001567
037330
039077
037546
020033
040494
030557
028467
J318002
035312
040331
027350
032711
038866
033516
029866
039950
025743
025493
030706
037565
040879
030717
030524
029667
032617
030732
015449
D615002
033445
039764
030651
030771
019545
039549
018696
029834
035723
030767
020019
039939
K071095
030146
004138
018719
037832
039054
004946
040805
038874
032918
003991
005018
032730
027635
003924
036282
031921
030756
031870
032949
029616
027998
016100
035132
000939
039085
032196
035699
028726
032111
002892
004741
036032
037536
039641
039040
032698
023260
025738
026580
002998
033019
036115
023704
026639
035243
036474
031966
026098
G135762
029674
004258
025505
033273
037111
030681
022074
038942
032627
034369
034788
023045
003000
030071
037488
033102
030614
030155
033630
001613
035157
036466
018776
024565
032152
037715
023964
038950
039727
018286
039601
022273
016605
040650
031772
025386
034612
026737
E720275
030758
036404
028918
032646
035295
032961
024233
031401
030094
023472
032613
029323
040965
027319
037353
030293
028714
026831
035843
035407
032632
036366
039684
034174
021372
039762
037158
024526
035749
030402
024772
040160
029095
033784
031598
015846
034638
036783
G160018
026350
000328
031805
031798
037384
040343
039752
004186
036222
036422
032094
036787
025389
027653
027811
025444
002926
004043
040056
C771006
002994
001971
022590
038773
003607
026476
032663
032091
030744
030671
029459
040166
033938
023052
030305
036692
040324
G135423
004212
003133
037006
030113
E720432
035160
035270
E720429
035356
027614
024534
031790
022284
037580
029521
002192
030474
034379
030670
036555
028620
029462
034192
039732
033947
032052
003187
040035
039621
029523
033089
036025
035142
037090
022168
031683
038959
031990
033281
028193
032484
029546
018018
029026
016639
037182
024571
004370
024783
039090
023299
028363
034168
032072
021201
027809
031302
035322
031988
026355
033319
028922
035064
L775092
029481
005500
034195
037162
034171
027825
022448
032726
036480
004726
036717
026463
G135278
031575
039796
039592
028019
033291
005183
016097
033182
035685
036701
040504
G135014
039741
036372
039062
035333
019608
032638
034396
032695
039987
031389
033294
030269
038937
035241
031877
033858
036384
035460
015610
035688
016184
032946
030152
029658
028902
027038
031280
039636
033044
026840
039770
031439
030829
028875
034374
000215
029665
027977
031447
040533
035469
020070
022515
034958
031578
003827
024229
G135159
026094
L765024
005677
029535
033472
033635
024539
028923
J718233
026736
029390
028473
039750
G135929
037466
K071089
000456
003056
038765
016928
034806
039053
028510
037038
035350
028729
036251
037094
031323
034791
034770
034570
037495
039722
016633
038760
040565
032989
020519
027813
033404
C029056
C748053
029848
030077
020548
040836
033493
034453
035998
034339
039634
D446003
E320120
004900
002156
037295
029643
034445
040037
030719
030934
005169
020701
028883
027780
029742
026050
032725
033018
031967
C029051
034173
034772
035071
018940
039055
033014
036484
026329
021458
025393
E720425
002698
036286
019336
C748052
031773
035136
037059
036714
029043
027488
030443
020674
039943
016289
031781
029013
004014
032354
028494
021072
021444
039726
K312064
030720
036761
018619
036305
017751
035470
031465
037549
015585
035471
036415
031863
026783
027900
035271
033015
029325
040880
004907
030395
029654
031623
030100
016942
036417
000080
022743
030383
030388
004976
031330
039718
038787
029560
031015
G445005
E320022
J870017
G135760
031928
036390
022588
032065
030493
021103
016993
028485
035351
039579
030569
022229
030658
037476
029887
029292
031986
032750
036441
020974
G135261
032207
004806
002531
029970
028518
004429
002952
019615
016169
038782
039850
004762
024461
J718232
038984
035834
036153
028282
034783
030775
033168
032214
032493
032104
030750
029315
032993
033338
029513
037394
003859
034796
031913
021472
039794
032308
020073
032495
037201
E720055
003783
037718
023159
022587
034202
025397
039688
003141
031482
039600
033694
034814
C521018
016774
036711
032400
021193
029424
002189
030418
017500
036910
035357
003135
040964
033838
026727
029089
032624
037180
029594
018173
037318
019685
040034
035355
039968
027985
001469
033318
039998
040888
026656
036207
036223
032952
029376
034558
032095
001037
016603
018005
019277
034639
G135761
038902
038846
032731
033643
039710
020959
027306
036133
033110
036227
037391
004535
027981
034299
C119014
016966
028887
027416
034372
002762
036324
039047
037079
E720032
029688
037684
015353
032536
026432
032157
019824
034557
037406
E003009
036141
034628
029245
002326
026087
020189
036125
029104
029421
023073
030672
028508
036206
029119
040378
035689
027972
030508
033647
003858
026239
030406
032652
024568
023233
032741
034190
026921
005781
032081
020532
023699
034382
031431
018941
K071293
E685018
034690
024056
032177
021244
016319
004327
016399
002962
E720048
026118
032515
027989
035737
028711
002615
021422
022517
028517
036401
023711
004752
024562
028527
034206
033753
039838
023000
031887
001590
032614
032183
030632
023238
002737
K312001
036109
032752
033101
039141
033874
029086
028492
031479
004897
028227
003604
026663
036243
036429
G135208
033693
028224
031900
031911
030550
027719
017354
029972
036778
002674
026333
034669
038885
039045
024561
029322
039844
004285
031939
028538
039687
004787
035455
040872
035276
C521026
024525
034909
037478
017101
022518
034355
035684
039071
034385
034942
003850
037093
036795
028108
C150002
031105
036224
031985
030684
029374
037296
038904
040838
029890
033303
019505
036329
036250
032639
037567
003927
037588
035734
030930
030560
029159
030189
029494
001891
030893
E720351
G135121
032682
034818
037833
037381
027639
027322
036256
036033
G135107
030894
004274
030419
037555
031851
039731
034225
004672
004369
037525
030830
040328
040400
028895
022671
023135
030912
037075
035282
016736
028898
036549
004398
003147
039110
034166
001020
029272
033867
040351
035305
021187
003919
023768
017693
023700
004120
031920
E720384
027818
037693
033517
037378
004189
023263
033005
035343
037065
001521
035156
031836
030891
030476
L518001
036425
037105
002856
032955
037813
004805
038512
033853
032492
G135562
039657
036488
039143
034367
003404
026751
036395
036194
026336
026122
034593
031603
032888
027794
034412
033774
028842
015885
031620
025498
024243
035185
G135164
030265
037041
E720194
039102
015360
028876
040657
032098
034236
028007
032898
039039
037399
030514
031835
K071151
015455
036909
030568
033180
039832
030134
001695
036327
036471
033468
033625
027370
036192
039685
036246
033826
003997
029588
040808
028525
038843
034859
030399
027824
027799
031583
030590
036182
040165
034416
031432
032527
033512
G135122
034408
031791
035135
030392
037691
033347
005687
040473
031268
D131001
016146
019952
036522
033408
031872
023760
036763
032694
027870
023131
034572
G135263
040834
031580
037327
031343
029030
038820
039531
015637
027247
041169
030748
035613
027911
032118
017105
002224
026447
034769
016099
036502
024403
034908
021478
030878
019213
004142
036186
028489
040049
035714
035231
033773
020598
040046
036292
024746
003290
C119016
004601
034455
L765008
033521
J089019
026475
024286
039970
020501
015425
003335
034205
E720433
G135833
037095
038884
020477
020438
004947
035196
022917
032697
021296
031395
C750146
019662
037531
035151
030252
032030
026240
003824
L775101
019394
036940
029647
035325
030263
039940
032679
023278
030498
027796
002479
037152
002981
029117
027974
040414
001879
032945
028279
036498
002398
023707
004826
032960
009433
026748
027506
030564
031112
025501
035229
L775098
023047
030183
024033
030914
003333
029461
020260
004024
036439
018454
022741
032525
018402
030882
030403
004958
032358
034917
037679
022158
032672
K071174
030596
029973
016953
032086
040020
002079
031730
032337
037004
028453
001439
020344
034368
004025
039686
023272
030096
017614
002633
039574
036486
036122
030794
019694
004850
039615
024364
030947
033173
017313
032178
033583
041093
029644
039057
029249
030450
037342
035991
032218
030257
034678
034185
024564
037415
017134
032034
034228
004185
026756
034620
036216
023837
036443
026367
036012
026018
032718
020839
037558
F685002
040531
026450
034425
021479
033307
009585
024235
G135980
029974
035158
037373
004445
033278
033108
030390
004495
039848
003384
023720
040844
031875
034683
033160
034665
025394
023719
K055004
028880
021256
036531
020165
033999
035162
J466003
002754
030902
035251
030159
002744
019297
033702
003340
039787
030868
035704
032757
023265
034647
024311
036230
036255
016756
K071149
031393
030170
030766
033043
029136
022460
037045
032669
039050
J466007
C521012
031784
034636
031619
016822
036355
026366
005311
003159
039849
005704
031974
025497
030944
034167
040444
032367
015801
039038
031739
029069
039919
001557
033786
031086
032994
033175
016635
031810
018530
035234
040847
018703
039715
034766
023770
027990
038888
037351
003308
028284
004143
029046
035462
039756
003171
032933
002716
032042
035352
000290
024658
019550
039152
038837
035475
032357
002873
030127
034405
032106
031615
034611
002643
004435
030979
025741
C029046
026467
030790
028862
027610
005426
040968
033870
038977
036430
038913
026461
033090
029042
036708
034922
037731
020464
029740
035399
029037
028362
037338
038892
004631
G135068
029672
036219
028470
038966
031130
K071051
034663
033765
019829
019661
002569
020846
002945
039061
032343
033017
029578
030840
028906
030707
029401
020299
029488
039811
038939
000024
029678
037699
023057
031738
021459
037298
031433
034247
023218
032586
016923
030845
015857
005096
039935
033771
004283
037408
028713
032998
033406
029817
018907
027887
005583
031656
039833
L775087
033801
030301
038945
004510
J718235
030411
031496
033276
024554
033432
033174
035428
034621
029942
034232
016667
037552
034376
036371
039918
036485
039070
030479
039779
020601
G135691
028836
028017
005117
036410
027343
G135901
020394
033868
K092003
034966
034360
032331
038739
030943
031890
038822
003998
023043
037398
036123
000015
035007
030774
037566
032101
004718
040027
039823
027339
030776
033161
032396
005011
029582
024650
029743
001732
037203
018554
024465
022772
040114
033470
D191003
031641
019547
015758
037188
027331
019806
035334
035238
034667
034435
037538
038859
028497
033036
031489
003584
034692
